1.5205631514641289e+00
8.5185596596070401e-01
1.0176698677324085e+00
1.1120824259063613e+00
1.2366543554871596e+00
9.6265431421932490e-01
8.2594202178008813e-01
8.8578536711204103e-01
7.6884522992287685e-01
7.5815169366921831e-01
7.2851891747987851e-01
7.4169340554703644e-01
6.9189802191845895e-01
6.8106264396620098e-01
7.5943774607006342e-01
8.2125946219137835e-01
8.2631097523186803e-01
8.4439874262443360e-01
7.6968342280564295e-01
7.7224458310391964e-01
6.9018063699768484e-01
6.4647516767457236e-01
5.9278906170428902e-01
6.2694494507831744e-01
5.8066863798567492e-01
5.6613650509155478e-01
5.2255261010091814e-01
4.7983381710007494e-01
5.3214208389009565e-01
5.0289637162484990e-01
5.0405446232124818e-01
5.3571953237614101e-01
5.4487710708556047e-01
5.2555998196810361e-01
5.3661989114355946e-01
5.3762660445069266e-01
5.3608937084316532e-01
5.7246399454862706e-01
5.5464569605351044e-01
5.7363138098671629e-01
5.7379244334411383e-01
5.9131504014129121e-01
5.8223064074894793e-01
6.0705695245955249e-01
5.9023222547190524e-01
5.7864837365283495e-01
5.9661699463951179e-01
6.2079329520733706e-01
5.9198661221730442e-01
6.1710650449483950e-01
6.1633943677271130e-01
5.9022074651878864e-01
5.7109661050868443e-01
5.7884816922193760e-01
5.9869998082966025e-01
5.8884245984601491e-01
5.6434546866215374e-01
5.3840967000580731e-01
5.3560789952812982e-01
5.1316922645232121e-01
5.0008185983059117e-01
5.2285315878551741e-01
5.4164317563740483e-01
5.5744186602297308e-01
5.4578887190151282e-01
5.4690238932977020e-01
5.4061460634152192e-01
5.5149889461738544e-01
5.5129754965800626e-01
5.5775288869655226e-01
5.5827495086254419e-01
5.3826892418473438e-01
5.3518185385048866e-01
5.5221324999781329e-01
5.6874946514551961e-01
5.7656666993567340e-01
5.6716814447092700e-01
5.7548141114060036e-01
5.7984160150205288e-01
5.7337040697381381e-01
5.7942242874943972e-01
5.6623340521547905e-01
5.6327051578892695e-01
5.7609141094361560e-01
5.8681507999120863e-01
5.7988713009667547e-01
5.6962296208557939e-01
5.8224221528633346e-01
5.7627410652643551e-01
5.8164894673118783e-01
5.9580010950042261e-01
5.9764924308823519e-01
6.0167357508291208e-01
6.1203905809042369e-01
6.0895106546311362e-01
6.2106521443455254e-01
6.1667598541930457e-01
6.2512113545594528e-01
6.2943966515660721e-01
6.4047442942879840e-01
6.3856351398860567e-01
6.2884695872309448e-01
6.4071016419603499e-01
6.5147626608983367e-01
6.3996677826290216e-01
6.4943111534072140e-01
6.5199009359876448e-01
6.4869259509145372e-01
6.5062008918988268e-01
6.4327970871769913e-01
6.4971868696395507e-01
6.4322453459126561e-01
6.4055087267108934e-01
6.3211024988859543e-01
6.2281015492094260e-01
6.1596441234579136e-01
6.1642053929946083e-01
6.1331107576082011e-01
6.0402964872550513e-01
6.1333283333263033e-01
6.0255746748109618e-01
5.9252196379100452e-01
5.9165863237614047e-01
5.9722126989961666e-01
6.0807753970105094e-01
6.1757701922450037e-01
6.2100818482597242e-01
6.1732503489481183e-01
6.2222416367290456e-01
6.1825313645262026e-01
6.1263655591491428e-01
6.0569828364162792e-01
6.0680931535817539e-01
6.0029012798275694e-01
5.9182256685396062e-01
5.9626832406533903e-01
5.8736435610987570e-01
5.9311107211304015e-01
5.8519160973103002e-01
5.8983462799998032e-01
5.8014494554463492e-01
5.8908978462576955e-01
5.7907928114733631e-01
5.7897935655192156e-01
5.7173558146629144e-01
5.6590305773854510e-01
5.7153224888053467e-01
5.7576489067904901e-01
5.7840868979499627e-01
5.8723406796680522e-01
5.8942705451431765e-01
5.9396506419283646e-01
5.8537994241026403e-01
5.7771323651803463e-01
5.7760302344075298e-01
5.6899464781062747e-01
5.6033684236766579e-01
5.5434714880048963e-01
5.5327742723681073e-01
5.5893839231992093e-01
5.5993850097126785e-01
5.6430148865779517e-01
5.5566047618980596e-01
5.4906145734555234e-01
5.5785490738128107e-01
5.5216292499929021e-01
5.5885576337254972e-01
5.5181736851561580e-01
5.6034742549430672e-01
5.5212286847934178e-01
5.5831875576771839e-01
5.5052031182903194e-01
5.4162993330180642e-01
5.4868497611042566e-01
5.5001635646248759e-01
5.4428397260276640e-01
5.3832414506162019e-01
5.3628339532495539e-01
5.4300292960924190e-01
5.4809227699014640e-01
5.4549113792448045e-01
5.4610632435048034e-01
5.4715650827438067e-01
5.4612700299878014e-01
5.4891638300343737e-01
5.4219597336668046e-01
5.4246457224761813e-01
5.4634444950760963e-01
5.4299281458598458e-01
5.5053856495278242e-01
5.5148293549051897e-01
5.5711501048539780e-01
5.6067103576303456e-01
5.6235175101186430e-01
5.5488462777713399e-01
5.5839750519109299e-01
5.6317576976376160e-01
5.6930179947997039e-01
5.7458075540379339e-01
5.7917341473939532e-01
5.8593525042686279e-01
5.8913078691839071e-01
5.9465279792292003e-01
6.0130051565143205e-01
6.0324851803223989e-01
6.0270738715422967e-01
5.9734118726601582e-01
6.0163298685385669e-01
6.0672970103395507e-01
6.0017853123144194e-01
6.0183228681002277e-01
5.9778653241564561e-01
5.9915109850741544e-01
5.9489063047391944e-01
5.9724862704921711e-01
5.9425488994448017e-01
5.9145339796273566e-01
5.8733794135220907e-01
5.8110572659513071e-01
5.8255168502253196e-01
5.7842687757785316e-01
5.8011592879242357e-01
5.7990042199843816e-01
5.8585799658245308e-01
5.8254363233031570e-01
5.8279043322254054e-01
5.8532354024946276e-01
5.7986090044337457e-01
5.7913858335648749e-01
5.8000154497952305e-01
5.8542558282975254e-01
5.8442268236095885e-01
5.8195328620049613e-01
5.8606055125016665e-01
5.8485833565851486e-01
5.7818391211459408e-01
5.7589127478493563e-01
5.7681376480223834e-01
5.8067533851531317e-01
5.7701283758017829e-01
5.7887763054212427e-01
5.7834032975121530e-01
5.7779492703324731e-01
5.7507800950431920e-01
5.7736855550584620e-01
5.7318277829667985e-01
5.7436612115295971e-01
5.6851219690793708e-01
5.6720070703649506e-01
5.6928370970174857e-01
5.7108660125278032e-01
5.7244308481394945e-01
5.7034389325012103e-01
5.6634201730324818e-01
5.6736545090632662e-01
5.6859243609425847e-01
5.7101887812003005e-01
5.6874796508244141e-01
5.7126753017277254e-01
5.6755741783698044e-01
5.7213667321337824e-01
5.7397687526395225e-01
5.7544232819806818e-01
5.7239821501039734e-01
5.7249227049446072e-01
5.6756910738789668e-01
5.6462499397948951e-01
5.6860830289476272e-01
5.7042899612954556e-01
5.6565415061859670e-01
5.6110866259402126e-01
5.5935753781633557e-01
5.5998286385845697e-01
5.6078451167373156e-01
5.6238045807869375e-01
5.5985854817912206e-01
5.6262910117736198e-01
5.6012014122866338e-01
5.5807285124426409e-01
5.5454135158343987e-01
5.5951839164466954e-01
5.5402625452250764e-01
5.5730592643683752e-01
5.5532399439500846e-01
5.5184778082148001e-01
5.5100037945835989e-01
5.5561679237165573e-01
5.5978753671777481e-01
5.6233018989657590e-01
5.6417465892814789e-01
5.6004838685459346e-01
5.6175149982793759e-01
5.6035130978797631e-01
5.6294474235283765e-01
5.6723697652493332e-01
5.7122880679480326e-01
5.7464470767430098e-01
5.7140980814877407e-01
5.7411736905223010e-01
5.7435073165425610e-01
5.7208333838377878e-01
5.7586715982701397e-01
5.7967264402799268e-01
5.8310114488499298e-01
5.8281042565417163e-01
5.8328685774146161e-01
5.7972002833628744e-01
5.7725903313642635e-01
5.8054860546025999e-01
5.8021521146178900e-01
5.7960675886220936e-01
5.8270682209852620e-01
5.8240402774399180e-01
5.8014528834949952e-01
5.7684725160918493e-01
5.7835259358657898e-01
5.8025889723532642e-01
5.7660139944316402e-01
5.7733094514748851e-01
5.7701823955088316e-01
5.7993843446935445e-01
5.8177948269971813e-01
5.7853751070778359e-01
5.7572071785528867e-01
5.7547412009913923e-01
5.7175725577683800e-01
5.6821890136011644e-01
5.6673447731241899e-01
5.6493413239686818e-01
5.6866368315078075e-01
5.7215851783423877e-01
5.7304444506165619e-01
5.7585957674024524e-01
5.7848988589581929e-01
5.7822043328268524e-01
5.7651416732684191e-01
5.7534641454268765e-01
5.7653324021223273e-01
5.7727104357118886e-01
5.7491647685148228e-01
5.7162842253633472e-01
5.6766937753444746e-01
5.6404219231151032e-01
5.6513980845569911e-01
5.6376489564789789e-01
5.6174479063509308e-01
5.6010909227874150e-01
5.5641178379117862e-01
5.5562545536181163e-01
5.5919076531821721e-01
5.5973640671114988e-01
5.5756779183107641e-01
5.5875383180706006e-01
5.6080631652947643e-01
5.6052877928692779e-01
5.5747059830707679e-01
5.6052841112574447e-01
5.6141239868776915e-01
5.6138936739386269e-01
5.5878420463240930e-01
5.5909971054235164e-01
5.5832484429099349e-01
5.6089093874365603e-01
5.5985323047995472e-01
5.5758782700153220e-01
5.5600436405810283e-01
5.5772664155187557e-01
5.5870010839527429e-01
5.6248285574908730e-01
5.6100243933293859e-01
5.6405278531531211e-01
5.6094571824710293e-01
5.6006480161283445e-01
5.5593688942900465e-01
5.5805398034213782e-01
5.6008883333278703e-01
5.5828762742494931e-01
5.5507523539852899e-01
5.5782333357276248e-01
5.5941594945288697e-01
5.5571010018961131e-01
5.5516456415841764e-01
5.5883097871242260e-01
5.6030206284310669e-01
5.5789257374070689e-01
5.5753969643145640e-01
5.6022187715218930e-01
5.5692686852961559e-01
5.5369229531823771e-01
5.5265382224853310e-01
5.5099815852120759e-01
5.5207050946228919e-01
5.5429752069949501e-01
5.5135541134257937e-01
5.4781913146115924e-01
5.4431521165075203e-01
5.4388405702487641e-01
5.4589089372193522e-01
5.4722006272629753e-01
5.4667121433381538e-01
5.4370528572657739e-01
5.4426549677018288e-01
5.4474102789897894e-01
5.4485230668609352e-01
5.4544559918839086e-01
5.4431334530745623e-01
5.4276185394631382e-01
5.4551530522633385e-01
5.4523227016457498e-01
5.4270599829431643e-01
5.4340303319923167e-01
5.4348516502765309e-01
5.4424373881942445e-01
5.4483394399415963e-01
5.4280053359900982e-01
5.4507607293999394e-01
5.4187510061191924e-01
5.3889576368214220e-01
5.4183678437129923e-01
5.3937752655811400e-01
5.3915382711759241e-01
5.3710955912893987e-01
5.3933934322144517e-01
5.3776657587371224e-01
5.3666966433372232e-01
5.3924751274711791e-01
5.3806134263371153e-01
5.4017971799334330e-01
5.4119896841643012e-01
5.3786823174427112e-01
5.3609221891166858e-01
5.3794101468670152e-01
5.3872612163810429e-01
5.4096018873702001e-01
5.3954296910825028e-01
5.3753261388865259e-01
5.3537364169371160e-01
5.3606303066597416e-01
5.3331390774773302e-01
5.3442868461890503e-01
5.3627076654698747e-01
5.3767826574885536e-01
5.3556399669789923e-01
5.3481624660293881e-01
5.3349525300053990e-01
5.3297626298525225e-01
5.3109709428502549e-01
5.3026260234614886e-01
5.3041466329893550e-01
5.2804523356943966e-01
5.2835154836973308e-01
5.2506700518937732e-01
5.2421838933008968e-01
5.2338641366804195e-01
5.2205199082180809e-01
5.2356552415840507e-01
5.2194138630642550e-01
5.2287377824233761e-01
5.2316588153041355e-01
5.2585198325903937e-01
5.2700622861799862e-01
5.2895936640965180e-01
5.3017877311076966e-01
5.2889789518808772e-01
5.2977696881333758e-01
5.2653284295290648e-01
5.2668776087323643e-01
5.2883528466544905e-01
5.2953145746871488e-01
5.3037942794496251e-01
5.3043285723869960e-01
5.2973729428459948e-01
5.2880013931503533e-01
5.3012461518456133e-01
5.3196791093961693e-01
5.3302141761246680e-01
5.3076901926580677e-01
5.2777301284772526e-01
5.2498159067369543e-01
5.2609030689396485e-01
5.2408772670592896e-01
5.2477815673638595e-01
5.2597096264096665e-01
5.2633774424166879e-01
5.2319761783859242e-01
5.2009870797860258e-01
5.1885767664741622e-01
5.1735327764722350e-01
5.1827096894085845e-01
5.2042279479436693e-01
5.1843310201444903e-01
5.1742828557250287e-01
5.1841123332087868e-01
5.2067564035642744e-01
5.2156299225381508e-01
5.2038985850946073e-01
5.2267286206725738e-01
5.2073736302678764e-01
5.1863451770866931e-01
5.1861801458272117e-01
5.2055065711093595e-01
5.2155944499712514e-01
5.2392714013437736e-01
5.2204104444661503e-01
5.2137079262801034e-01
5.2255029737869396e-01
5.2468880172453147e-01
5.2492010582291604e-01
5.2627955187807107e-01
5.2877205039125674e-01
5.2714892829403281e-01
5.2959537059100836e-01
5.2983851566508433e-01
5.3231015292518868e-01
5.3221483348325493e-01
5.3245803193065488e-01
5.3494338872506220e-01
5.3661133023335383e-01
5.3835661899378084e-01
5.3882803282932534e-01
5.3965869443076642e-01
5.4242927133443675e-01
5.4484825021535344e-01
5.4375812808002821e-01
5.4581369001822178e-01
5.4623508995016468e-01
5.4693163229629149e-01
5.4831617612218109e-01
5.4978677767115702e-01
5.5136214310129594e-01
5.4992521576156395e-01
5.5041997346756077e-01
5.5015969702620637e-01
5.4819472347998055e-01
5.4976159545525349e-01
5.5171214566461657e-01
5.5369976554199263e-01
5.5451676082829437e-01
5.5392850670798355e-01
5.5445075422577494e-01
5.5488743863899537e-01
5.5559208256897996e-01
5.5570272247081220e-01
5.5366103697725022e-01
5.5399755712233667e-01
5.5133252531367516e-01
5.5234056648552343e-01
5.5234441948334478e-01
5.5406661048540284e-01
5.5405039345399254e-01
5.5184330348651067e-01
5.5169400403344904e-01
5.5165666782355027e-01
5.4911847717049034e-01
5.5072917226874418e-01
5.5001558603119982e-01
5.5066720813930992e-01
5.5031900017071511e-01
5.4831833289878751e-01
5.4776639568715035e-01
5.4632848342622531e-01
5.4574836107540237e-01
5.4309582368403198e-01
5.4417684216603524e-01
5.4449009296858264e-01
5.4607021831666802e-01
5.4642643795598733e-01
5.4606341177194673e-01
5.4586309693255874e-01
5.4838876613757448e-01
5.4598558043565104e-01
5.4367228622149477e-01
5.4433306581357266e-01
5.4476426131041333e-01
5.4323911842798023e-01
5.4170461215837351e-01
5.4230950792689159e-01
5.4443447097826891e-01
5.4559056950235851e-01
5.4531982153564684e-01
5.4492458155612888e-01
5.4665453818197340e-01
5.4890382157377615e-01
5.5112613090908680e-01
5.5308533134142335e-01
5.5436170622122882e-01
5.5341851369988482e-01
5.5351512759270394e-01
5.5199372359436460e-01
5.5179145235564941e-01
5.5398717067392500e-01
5.5372453320636605e-01
5.5557820754331344e-01
5.5784462602925133e-01
5.5615294772670776e-01
5.5584751821579814e-01
5.5716213179797980e-01
5.5840323657962798e-01
5.6033302170160759e-01
5.5902039348800736e-01
5.6022807558472965e-01
5.6243785329369467e-01
5.6149771984458374e-01
5.6091102879302523e-01
5.6111176020987119e-01
5.6128046108211249e-01
5.6178329365337398e-01
5.6015714186312349e-01
5.5994979456780491e-01
5.5916350858796748e-01
5.5982222584721897e-01
5.6176625494297494e-01
5.6024962921430388e-01
5.6067206712795592e-01
5.6235601580652517e-01
5.6035435517322996e-01
5.5964173469337719e-01
5.5808407525090142e-01
5.5870035388502148e-01
5.5905418507500515e-01
5.5981200746940252e-01
5.6018051151982273e-01
5.5795964630094164e-01
5.5815941498573973e-01
5.5837172362356113e-01
5.5704505556054074e-01
5.5465221219415939e-01
5.5381920570819010e-01
5.5139218043043370e-01
5.5332818774639314e-01
5.5372589304718645e-01
5.5492578505346379e-01
5.5667407140325231e-01
5.5863486563987763e-01
5.5699795083465076e-01
5.5666296125638459e-01
5.5651617812225340e-01
5.5781582956337161e-01
5.5837797628430286e-01
5.6046964310859138e-01
5.5876221643139490e-01
5.5770287861488044e-01
5.5939636212384924e-01
5.5868003831261692e-01
5.6044688142597054e-01
5.6150333095616700e-01
5.6129608762143868e-01
5.6015050934444999e-01
5.6212242146745739e-01
5.6028373688329380e-01
5.6187629190468302e-01
5.6234823527472499e-01
5.6325734818945261e-01
5.6510805336953684e-01
5.6356162683521693e-01
5.6246908057604594e-01
5.6085420534250152e-01
5.5940751344719275e-01
5.5989153151453330e-01
5.5832914488820329e-01
5.5654651036902936e-01
5.5522643354425971e-01
5.5716541931440600e-01
5.5488293942204514e-01
5.5327029330020494e-01
5.5147854806022267e-01
5.5122976965419701e-01
5.5182019720443498e-01
5.5360471374228726e-01
5.5173749914578041e-01
5.5217109469943071e-01
5.5017630274698548e-01
5.4962810359329262e-01
5.4953858547094347e-01
5.4918335013001840e-01
5.4819274179955613e-01
5.4698744405046640e-01
5.4874287794586463e-01
5.4896342375576801e-01
5.4752690054648756e-01
5.4540740299134527e-01
5.4504101462724941e-01
5.4635385503133416e-01
5.4739741377468520e-01
5.4669924101478862e-01
5.4880887723109939e-01
5.4671017335580763e-01
5.4674496253026561e-01
5.4537499977221937e-01
5.4601268054954533e-01
5.4681347476715314e-01
5.4599849626308306e-01
5.4761758990267262e-01
5.4818317764441349e-01
5.4742960058612578e-01
5.4542252307881822e-01
5.4650527906599744e-01
5.4774236387159869e-01
5.4852690845649366e-01
5.4923724888123215e-01
5.5089676979218372e-01
5.5002486434085773e-01
5.5103113922775071e-01
5.5009757181374830e-01
5.5134298239570234e-01
5.4994899918944229e-01
5.5026495788720475e-01
5.4830175624662980e-01
5.4654725794798797e-01
5.4503356502127365e-01
5.4389068495486570e-01
5.4229605130942515e-01
5.4261170315703999e-01
5.4069509971903618e-01
5.4227267239758958e-01
5.4408025929829307e-01
5.4216113276151634e-01
5.4387909619748953e-01
5.4368893058008994e-01
5.4261562255798668e-01
5.4291856013352402e-01
5.4148309329235123e-01
5.4177669275669571e-01
5.4162101224407899e-01
5.4286932393046594e-01
5.4457088495555872e-01
5.4461902356926806e-01
5.4489667659955798e-01
5.4577911339451957e-01
5.4458723335485359e-01
5.4355840763944863e-01
5.4404638045167319e-01
5.4414253249389422e-01
5.4210685022050120e-01
5.4381086020109637e-01
5.4312991862214655e-01
5.4187349075780111e-01
5.4190873803735484e-01
5.4145007405415713e-01
5.4061231050341663e-01
5.4128585834949328e-01
5.4181701203589072e-01
5.4153195088363171e-01
5.4054476691968589e-01
5.4130854406755047e-01
5.4058115478514768e-01
5.3938033928156959e-01
5.4036729775112369e-01
5.3934455772447121e-01
5.4002639430390054e-01
5.3804038369600837e-01
5.3936661807102149e-01
5.4071836690904573e-01
5.4106527614894129e-01
5.4030152430494405e-01
5.4091472397726670e-01
5.4096700381420704e-01
5.4229026672797487e-01
5.4124723726746538e-01
5.4023070624378544e-01
5.3849545824016887e-01
5.3850156202409916e-01
5.3998378562151916e-01
5.4036892831610905e-01
5.4043785558029533e-01
5.4164354030070805e-01
5.4338438400615996e-01
5.4425268671971716e-01
5.4358640017584869e-01
5.4298411487281062e-01
5.4115371512995003e-01
5.3925013466674299e-01
5.3727856736328783e-01
5.3718100137061531e-01
5.3633129256786893e-01
5.3708961223102203e-01
5.3827796360322111e-01
5.3825733467089254e-01
5.3808295121725314e-01
5.3641204185186953e-01
5.3517841650398124e-01
5.3507070120418410e-01
5.3664805954226813e-01
5.3485410045721071e-01
5.3322146209465737e-01
5.3220537233684995e-01
5.3297012359796603e-01
5.3335179037816416e-01
5.3176145249873830e-01
5.3347402726903925e-01
5.3482539664930806e-01
5.3351662996212434e-01
5.3338337073295972e-01
5.3431342363193624e-01
5.3531745075276149e-01
5.3341496695188639e-01
5.3366894782464414e-01
5.3451571060390313e-01
5.3538763238446674e-01
5.3692804291526708e-01
5.3537034543486450e-01
5.3640221174703862e-01
5.3802475650770099e-01
5.3649044831578685e-01
5.3560622367866939e-01
5.3459177716517381e-01
5.3570037263508474e-01
5.3415263485195474e-01
5.3502536458397054e-01
5.3415698875642503e-01
5.3290636594671803e-01
5.3448301036452228e-01
5.3540318624074268e-01
5.3387326115765954e-01
5.3560265073913627e-01
5.3682840604899584e-01
5.3620146685073400e-01
5.3686306699333630e-01
5.3665876841163695e-01
5.3637405562818041e-01
5.3689258406607410e-01
5.3620530565996727e-01
5.3652762784795893e-01
5.3513612340029926e-01
5.3357086156026212e-01
5.3308710924562275e-01
5.3173013367003263e-01
5.3227107895461767e-01
5.3083694869525677e-01
5.3217575902562841e-01
5.3243469178845471e-01
5.3135314703444714e-01
5.3192172266742543e-01
5.3198734954611337e-01
5.3127482628517542e-01
5.3282792609194141e-01
5.3375001563459668e-01
5.3235682796444350e-01
5.3066724236163776e-01
5.3068407643019555e-01
5.3028837561674502e-01
5.2922472718643365e-01
5.2902155371617332e-01
5.2777921264382366e-01
5.2706555744058325e-01
5.2679866583654134e-01
5.2501531991564887e-01
5.2551572596335649e-01
5.2416490136731075e-01
5.2400217466078358e-01
5.2250811092199545e-01
5.2346849054187494e-01
5.2444660126230136e-01
5.2506672280570499e-01
5.2647679624269583e-01
5.2773277199688917e-01
5.2616951537565604e-01
5.2455573717389947e-01
5.2462170822461862e-01
5.2346679803080454e-01
5.2493036428300133e-01
5.2354247958346067e-01
5.2312584681221530e-01
5.2343307845835918e-01
5.2388602090265268e-01
5.2455245601253253e-01
5.2466051575625750e-01
5.2430934599694112e-01
5.2539446478647844e-01
5.2563313179365778e-01
5.2705565750298744e-01
5.2606726485106448e-01
5.2703137011437851e-01
5.2656863687051725e-01
5.2613331609132385e-01
5.2472502660290099e-01
5.2575028629525544e-01
5.2533595524698851e-01
5.2615108086400519e-01
5.2760152670474869e-01
5.2875954407141323e-01
5.2985435785994517e-01
5.3054908108590304e-01
5.3097336013648655e-01
5.3099306899903143e-01
5.3138018119701969e-01
5.3135292485095420e-01
5.3158387600662749e-01
5.3212823868387760e-01
5.3050610433769529e-01
5.3133363563925828e-01
5.3163384415968196e-01
5.3038565667894400e-01
5.2915684150439490e-01
5.2810492729594061e-01
5.2900238911595598e-01
5.3012149873421099e-01
5.3087407376764717e-01
5.2978531048348110e-01
5.3030790601560907e-01
5.2965159162313380e-01
5.2830688798044978e-01
5.2956601496587763e-01
5.2821328684835178e-01
5.2811507484178111e-01
5.2732351461513571e-01
5.2630019378573911e-01
5.2556991735679304e-01
5.2606206171109571e-01
5.2750705163773970e-01
5.2656110823926139e-01
5.2655472978960671e-01
5.2744063720551482e-01
5.2884283298909918e-01
5.2763792904327378e-01
5.2693505346856007e-01
5.2710526830493165e-01
5.2754802893291730e-01
5.2873703157291552e-01
5.2783464822675608e-01
5.2837118845167541e-01
5.2876132593461789e-01
5.2981105796541517e-01
5.3079501852956290e-01
5.3164810806451124e-01
5.3008623928031773e-01
5.3034636344060948e-01
5.3069377744018587e-01
5.3151250479779721e-01
5.3236388621045561e-01
5.3163403009535215e-01
5.3023770616784582e-01
5.3142719000313465e-01
5.3034232834089778e-01
5.2927988727077824e-01
5.2879920100659705e-01
5.2858610464156852e-01
5.2816770948750680e-01
5.2860902901062634e-01
5.2730418647167132e-01
5.2671952138901468e-01
5.2786771654393161e-01
5.2818047718868577e-01
5.2689270395311338e-01
5.2783500473128531e-01
5.2859750126656502e-01
5.2824663426080398e-01
5.2779530764000859e-01
5.2743168376526117e-01
5.2668340609867159e-01
5.2696968364310326e-01
5.2558074956835743e-01
5.2681796373274514e-01
5.2657664232402812e-01
5.2774639983334648e-01
5.2826606749585303e-01
5.2811318231949156e-01
5.2799502283856714e-01
5.2731650377287531e-01
5.2642684746163493e-01
5.2560664638911192e-01
5.2581928301790293e-01
5.2517306006153830e-01
5.2398329520655995e-01
5.2473391301542349e-01
5.2464667967256884e-01
5.2457734213811902e-01
5.2359891243315693e-01
5.2468559875051113e-01
5.2352629815814922e-01
5.2286305215605822e-01
5.2186600405326811e-01
5.2031062622945201e-01
5.2152418352765062e-01
5.2085211240654483e-01
5.2177936466924890e-01
5.2221917305790244e-01
5.2277169055708705e-01
5.2175378210621726e-01
5.2033789907293704e-01
5.2172302780758806e-01
5.2254120463202602e-01
5.2133708626920261e-01
5.2241681995652911e-01
5.2150245771071069e-01
5.2298428880603431e-01
5.2307077252395229e-01
5.2355726461951535e-01
5.2342980966630714e-01
5.2440173809960189e-01
5.2556477510245037e-01
5.2617984884999203e-01
5.2586728308127828e-01
5.2491618720550659e-01
5.2591019874854228e-01
5.2484415589827282e-01
5.2534174900808595e-01
5.2478685242229195e-01
5.2430317079585820e-01
5.2437641006399682e-01
